$ 1 0.000005 10.20027730826997 48 5 50 5e-11
x 19 42 133 45 4 24 Sergio\sJoa
x 20 78 237 81 4 24 September\s22,\s2021
x 516 110 700 113 4 24 Inverter\saka\sNOT
L 416 32 304 32 0 1 false 5 0
w 416 32 416 64 0
M 752 48 832 48 0 2.5
151 416 48 752 48 0 2 0 5
151 992 48 1264 48 0 2 0 5
L 992 32 928 32 0 1 false 5 0
w 992 32 992 64 0
L 992 144 912 144 0 1 false 5 0
151 992 160 1264 160 0 2 0 5
w 992 144 992 176 0
w 1264 48 1344 96 0
151 1344 112 1552 112 0 2 5 5
w 1264 160 1344 128 0
M 1552 112 1648 112 0 2.5
x 1221 214 1257 217 4 24 OR
L 64 256 48 256 0 1 false 5 0
w 64 256 256 160 0
w 64 256 256 336 0
151 256 176 512 176 0 2 0 5
151 256 320 512 320 0 2 0 5
L 128 256 112 256 0 1 false 5 0
w 128 256 256 192 0
w 128 256 256 304 0
151 512 240 800 240 0 2 5 5
w 512 176 512 224 0
w 512 256 512 320 0
M 800 240 832 240 0 2.5
x 609 314 659 317 4 24 AND
L 176 512 64 512 0 0 false 5 0
L 176 560 64 560 0 0 false 5 0
